1876057797202469242
1945481274061115769
1945481502680064416
1945481720171520171
1945481814312722806
1945481905077358758
1945481979002077212
1945482087890342325
1945482200062759223
1945482541768577228
1945482701672202562
1945482765333418114
1945482845591367929
1945482900792651880
1945482947861029119
1945483020611277254
1945483124940398686
1945483514620612855
1945483570761351372
1945483604911394959
1945483646317518966
1945483704857436364
1945483785706844354
1945483840333471857
1945483920604102835
1945483970591739963
1945484051302744347
1945484092922818648
1945484177819750699
1945484341695393855
1945484397450277363
1945484426864889994
1945484506900668681
1945484574181437838
1945484724434096314
1945484810337558628
1945484891874828365
1945484953560416413
1945485208188334083
1945485835819749506
1945485995534590337
1945486141274124439
1945486230382133560
1945486302297657569
1945486321482453025
1945486497466998830
1945486585987793063
1945486653281210810
1945486766829433088
1945486903588864209
1945487029254443188
1945487059264639371
1945487095197237286
1945487314471329884
1945487352937222350
1945487420385858007
1945487531887227168
1945487737173270666
1945488229106369023
1945488440880992763
1945488809786749047
1945488940238049597
1945489147851936080
1945489285391544566
1945489962817749306
1945490016492224684
1945490082619629644
1945490196998348906
1945490255714378084
1945490289642058073
1945490410295398672
1945490576725397748
1945490636204888275
1945490682614870393
1945490754190655615
1945490789422837811
1945490831810453524
1945490873648664803
1945490954938421400
1945491011293122981
1945491065298886888
1945491195423035434
1945491339702874232
1945491434355753219
1945491716515020828
1945491939555459107
1945492001475957042
1945492119273042321
1945492166190465138
1945492226575925284
1945492302006259980
1945492385489649827
1945492499964866571
1945492574967378119
1945492754957533194
1945492827703529594
1945492928685646097
1945493080628404630
1945493128191832555
1945493316876767374
1945493359121866841
1945493520791273799
1945493697719656845
1945493825603940463
1945493892763164683
1945493954956341465
1945493994332434883
1945494024556527885
1945494096128168238
1945494175010455911
1945494229209301051
1945494644965490860
1945494734270611636
1945494797302497628
1945498594645008758
1945502268834435316
1945513268950282390
1945516930216890729
1945516983639794102
1945517040527085648
1945517069648142667
1945517104112795844
1945517137201602712
1945517192629366888
1945517451296354516
1945517529595621454
1945517586852065530
1945517625485775199
1945517728497827879
1945517947356602684
1945527888062615829
1945530318548550108
1945762255695393141
1945763378330279982
1945764131316883832
1945764274736865717
1945764320639365309
1945764435496243265
1945765220254675274
1945765316098679089
1945766164463816838
1945779411225096598
1945779572668014645
1945779591139774475
1945779644570980858
1952827956415611166
1952830103676694646
1952832161192575405
1952832792707936675
1952838246305595559
1952841878573023456
1952847942790070618
1952862084884304355
1952989371038310578
1952989680493891896
1952990299111768254
1953011094307422492
1953028541081141741
1953049478551802333
1953054441411633605
1953054609645215904
1953065491397742705
1953066490480984311
1953067576260546911
1953068392971116544
1953070831807910086
1953138653443584233
1953138992121102630
1953139213567672608
1953148551363530807
1953149090822537568
1953152160889225709
1953169423004783048
1953170534012993774
1953170927312646532
1953174098798071901
1953175013663629551
1953176774646374660
1953178059420430435
1953179009304465810
1953183467019043098
1953185378120200503
1953201536043229641
1953347087866773989
1953349180853772643
1953352953164636597
1953355914536177960
1953357083375468930
1953357436657586624
1953359116182684141
1953360412105232500
1953360671313186914
1953391743233130646
1953414429816615175
1953425319873888548
1953451512409034976
1953475772330410280
1953559005114380384
1953574130231697882
1953574191602553322
1953576961650942040
1953579551063519591
1953585274984005965
1953707263933218851
1953707541545775447
1953707939895922887
1953709102380544299
1953710030445814231
1953711642765668574
1953728966600077644
1953761743391359136
1953762092495810621
1953763182859669679
1953768852363342288
1953809333252129020
1953836663429361752
1953862499545063714
1953870069462655112
1953870140862321112
1953875528974249996
1953875881975246922
1953876055443316781
1953876278739615766
1953876954777542992
1953878926222123521
1953879269391614204
1953879296541380740
1953880119623225663
1953880468237029381
1953881271760814435
1953881330199978203
1953881641652260882
1953881904412753940
1953882739612020877
1953882901218537679
1953883417944170968
1953887110945235024
1953887992751566948
1953888187732148350
1953890291326365887
1953890703504724462
1953891112885924241
1953892181758161187
1953895987455414428
1953903317987566059
1953908732796211707
1953922452410581117
1954098913532653720
1954099297273725124
1954099800648912907
1954122151868440884
1954125033749524911
1954127486867886423
1954127940712563145
1954131865620635955
1954134390545457238
1954142529525301463
1954142547908903092
1954145795046781296
1954263642288824667
1954263680549629979
1954263693086368125
1954264574435217670
1954264795147915613
1954267437135958335
1954273690625126704
1954280154110537852
1954287432129794287
1954299012217270783
1954299186750620089
1954323224059347335
1954324555289469028
1954396138611654960
1954444138700562667
1954447505925583151
1954457675153969443
1954458019019825354
1954463014138089591
1954464149209067635
1954465012568760537
1954478111762080081
1954478601916567944
1954503471903756546
1954529040959709672
1954529145641226419
1954530033743061250
1954538385764151351
1954538435164647931
1954544337917727200
1954569422191857982
1954569582082920510
1954570191544672273
1954570806463279380
1954587131529056354
1954587638859505909
1954592795240403083
1954604455598710787
1954605726774751702
1954608986184929544
1954609839310602344
1954614305837429200
1954614964418724214
1954618922830876998
1954633376880828753
1954636644436398278
1954636911404040307
1954637862655185335
1954638605793755534
1954642575975149789
1954642982545887565
1954643564853444848
1954646399649284487
1954650368828113360
1954655189811753367
1954658045671383322
1954777856120070192
1954798824280531273
1954800598395572628
1954861129282224590
1954894070238900371
1954895980664602658
1954896937150279960
1954897027453817283
1954897403061867000
